Squat 24.133333333333333 7.2
Lanky -22.533333333333335 23.266666666666666
Goal -2.466666666666667 -24.333333333333332
platform -24.666666666666668 21.666666666666668 1.3333333333333333 10.0 
platform -22.0 17.333333333333332 5.333333333333333 1.3333333333333333 
platform -15.333333333333334 17.666666666666668 1.3333333333333333 2.0 
platform -14.0 19.666666666666668 1.3333333333333333 2.0 
platform -12.666666666666666 21.666666666666668 1.3333333333333333 2.0 
platform -11.333333333333334 23.666666666666668 1.3333333333333333 2.0 
platform -10.0 25.666666666666668 1.3333333333333333 2.0 
platform -8.666666666666666 23.666666666666668 1.3333333333333333 2.0 
platform -7.333333333333333 21.666666666666668 1.3333333333333333 2.0 
platform -6.0 19.666666666666668 1.3333333333333333 2.0 
platform -4.666666666666667 17.666666666666668 1.3333333333333333 2.0 
platform -10.333333333333334 19.333333333333332 7.333333333333333 1.3333333333333333 
platform 0.0 21.666666666666668 1.3333333333333333 10.0 
platform 1.3333333333333333 24.666666666666668 1.3333333333333333 1.3333333333333333 
platform 2.6666666666666665 23.333333333333332 1.3333333333333333 1.3333333333333333 
platform 4.0 22.0 1.3333333333333333 1.3333333333333333 
platform 5.333333333333333 20.666666666666668 1.3333333333333333 1.3333333333333333 
platform 6.666666666666667 19.333333333333332 1.3333333333333333 1.3333333333333333 
platform 8.0 18.0 1.3333333333333333 1.3333333333333333 
platform 9.333333333333334 21.666666666666668 1.3333333333333333 10.0 
platform 14.0 21.666666666666668 1.3333333333333333 10.0 
platform 15.333333333333334 22.0 1.3333333333333333 1.3333333333333333 
platform 16.666666666666668 23.333333333333332 1.3333333333333333 1.3333333333333333 
platform 18.0 24.666666666666668 1.3333333333333333 1.3333333333333333 
platform 19.333333333333332 26.0 1.3333333333333333 1.3333333333333333 
platform 16.666666666666668 20.666666666666668 1.3333333333333333 1.3333333333333333 
platform 18.0 19.333333333333332 1.3333333333333333 1.3333333333333333 
platform 19.333333333333332 18.0 1.3333333333333333 1.3333333333333333 
platform 19.333333333333332 17.0 1.3333333333333333 0.6666666666666666 
platform 24.0 26.0 1.3333333333333333 1.3333333333333333 
platform 25.333333333333332 24.666666666666668 1.3333333333333333 1.3333333333333333 
platform 26.666666666666668 23.333333333333332 1.3333333333333333 1.3333333333333333 
platform 28.0 24.666666666666668 1.3333333333333333 1.3333333333333333 
platform 29.333333333333332 26.0 1.3333333333333333 1.3333333333333333 
platform 26.666666666666668 19.666666666666668 1.3333333333333333 6.0 
platform -0.6666666666666666 13.333333333333334 4.0 1.3333333333333333 
platform -2.6666666666666665 11.0 2.6666666666666665 3.3333333333333335 
platform -2.6666666666666665 9.0 2.6666666666666665 0.6666666666666666 
platform -0.6666666666666666 8.666666666666666 1.3333333333333333 2.6666666666666665 
platform 0.6666666666666666 11.333333333333334 1.3333333333333333 2.6666666666666665 
platform 1.6666666666666667 12.0 2.0 1.3333333333333333 
platform 2.6666666666666665 9.333333333333334 2.6666666666666665 1.3333333333333333 
platform 2.0 7.333333333333333 1.3333333333333333 2.6666666666666665 
platform 0.6666666666666666 6.666666666666667 1.3333333333333333 1.3333333333333333 
platform 3.3333333333333335 6.666666666666667 1.3333333333333333 1.3333333333333333 
platform 3.3333333333333335 5.333333333333333 1.3333333333333333 1.3333333333333333 
platform 4.666666666666667 5.333333333333333 1.3333333333333333 1.3333333333333333 
platform 0.6666666666666666 5.333333333333333 1.3333333333333333 1.3333333333333333 
platform -0.6666666666666666 5.333333333333333 1.3333333333333333 1.3333333333333333 
platform -2.0 5.333333333333333 1.3333333333333333 1.3333333333333333 
platform -3.3333333333333335 5.333333333333333 1.3333333333333333 1.3333333333333333 
platform -4.0 7.333333333333333 2.6666666666666665 2.6666666666666665 
platform 0.6666666666666666 8.0 1.3333333333333333 1.3333333333333333 
platform -24.0 2.6666666666666665 4.0 1.3333333333333333 
platform -21.333333333333332 1.3333333333333333 1.3333333333333333 1.3333333333333333 
platform -26.666666666666668 1.3333333333333333 1.3333333333333333 1.3333333333333333 
platform -26.666666666666668 0.0 1.3333333333333333 1.3333333333333333 
platform -25.333333333333332 -1.3333333333333333 1.3333333333333333 1.3333333333333333 
platform -24.0 -2.6666666666666665 1.3333333333333333 1.3333333333333333 
platform -22.666666666666668 -4.0 1.3333333333333333 1.3333333333333333 
platform -21.333333333333332 -5.333333333333333 1.3333333333333333 1.3333333333333333 
platform -21.333333333333332 -6.666666666666667 1.3333333333333333 1.3333333333333333 
platform -22.666666666666668 -8.0 1.3333333333333333 1.3333333333333333 
platform -24.0 -8.0 1.3333333333333333 1.3333333333333333 
platform -25.333333333333332 -8.0 1.3333333333333333 1.3333333333333333 
platform -26.666666666666668 -6.666666666666667 1.3333333333333333 1.3333333333333333 
platform -17.333333333333332 -3.0 1.3333333333333333 6.0 
platform -16.0 0.6666666666666666 1.3333333333333333 1.3333333333333333 
platform -14.0 2.0 2.6666666666666665 1.3333333333333333 
platform -12.0 0.6666666666666666 1.3333333333333333 1.3333333333333333 
platform -10.666666666666666 -2.6666666666666665 1.3333333333333333 5.333333333333333 
platform -10.666666666666666 -5.666666666666667 1.3333333333333333 0.6666666666666666 
platform -12.0 -6.666666666666667 1.3333333333333333 1.3333333333333333 
platform -16.0 -6.666666666666667 1.3333333333333333 1.3333333333333333 
platform -14.0 -8.0 2.6666666666666665 1.3333333333333333 
platform -8.0 -8.333333333333334 1.3333333333333333 0.6666666666666666 
platform -8.0 -7.666666666666667 1.3333333333333333 0.6666666666666666 
platform -9.333333333333334 -6.666666666666667 1.3333333333333333 1.3333333333333333 
platform -3.3333333333333335 -1.3333333333333333 1.3333333333333333 8.0 
platform -3.3333333333333335 -5.666666666666667 1.3333333333333333 0.6666666666666666 
platform -2.0 -6.666666666666667 1.3333333333333333 1.3333333333333333 
platform 0.0 -8.0 2.6666666666666665 1.3333333333333333 
platform 2.0 -6.666666666666667 1.3333333333333333 1.3333333333333333 
platform 3.3333333333333335 -1.6666666666666667 1.3333333333333333 8.666666666666666 
platform 8.0 -8.0 1.3333333333333333 1.3333333333333333 
platform 8.0 -7.0 1.3333333333333333 0.6666666666666666 
platform 9.333333333333334 -5.666666666666667 1.3333333333333333 2.0 
platform 10.666666666666666 -3.6666666666666665 1.3333333333333333 2.0 
platform 12.0 -1.6666666666666667 1.3333333333333333 2.0 
platform 13.333333333333334 0.3333333333333333 1.3333333333333333 2.0 
platform 14.333333333333334 1.6666666666666667 2.0 2.0 
platform 15.333333333333334 0.3333333333333333 1.3333333333333333 2.0 
platform 16.666666666666668 -1.6666666666666667 1.3333333333333333 2.0 
platform 18.0 -3.6666666666666665 1.3333333333333333 2.0 
platform 19.333333333333332 -5.666666666666667 1.3333333333333333 2.0 
platform 20.666666666666668 -7.666666666666667 1.3333333333333333 2.0 
platform 14.0 -4.0 6.666666666666667 1.3333333333333333 
platform 25.333333333333332 -3.0 1.3333333333333333 11.333333333333334 
platform 25.333333333333332 2.0 10.666666666666666 1.3333333333333333 
platform 0.0 -24.666666666666668 92.0 1.3333333333333333 
spikes 0.0 -5.666666666666667 1.3333333333333333 0.6666666666666666 
spikes 8.0 20.333333333333332 1.3333333333333333 0.6666666666666666 
