Squat -44.53333333333333 22.266666666666666
Lanky -42.13333333333333 22.266666666666666
Goal -3 -23.2
platform -5.666666666666667 17.333333333333332 84.66666666666667 2.6666666666666665 
spikes -2.0 18.0 8.0 1.3333333333333333 
spikes -24.333333333333332 18.0 7.333333333333333 1.3333333333333333 
spikes -14.0 18.0 4.0 1.3333333333333333 
spikes 17.666666666666668 18.0 3.3333333333333335 1.3333333333333333 
platform 17.666666666666668 20.0 0.6666666666666666 2.6666666666666665 
platform -18.666666666666668 4.666666666666667 50.666666666666664 2.6666666666666665 
platform 6.0 0.3333333333333333 1.3333333333333333 6.0 
platform 14.333333333333334 4.666666666666667 11.333333333333334 2.6666666666666665 
platform 34.333333333333336 4.666666666666667 26.0 2.6666666666666665 
platform 19.333333333333332 7.666666666666667 1.3333333333333333 4.666666666666667 
platform 14.0 -2.0 14.666666666666666 1.3333333333333333 
platform 22.0 0.3333333333333333 1.3333333333333333 6.0 
spikes 13.666666666666666 -1.6666666666666667 2.0 0.6666666666666666 
platform 8.333333333333334 3.6666666666666665 0.6666666666666666 0.6666666666666666 
platform 7.0 -1.0 0.6666666666666666 2.0 
platform -19.666666666666668 9.666666666666666 0.6666666666666666 3.3333333333333335 
platform -34.333333333333336 9.333333333333334 0.6666666666666666 2.6666666666666665 
platform -35.0 9.666666666666666 0.6666666666666666 3.3333333333333335 
platform -33.666666666666664 9.666666666666666 0.6666666666666666 3.3333333333333335 
spikes -34.333333333333336 11.0 0.6666666666666666 0.6666666666666666 
platform -40.0 -12.0 1.3333333333333333 1.3333333333333333 
platform -38.666666666666664 -10.666666666666666 1.3333333333333333 1.3333333333333333 
platform -37.333333333333336 -9.333333333333334 1.3333333333333333 1.3333333333333333 
platform -36.0 -8.0 1.3333333333333333 1.3333333333333333 
platform -34.666666666666664 -8.0 1.3333333333333333 1.3333333333333333 
platform -6.0 -14.0 84.0 2.6666666666666665 
spikes -25.0 -13.333333333333334 20.666666666666668 1.3333333333333333 
spikes -14.666666666666666 -13.333333333333334 2.6666666666666665 1.3333333333333333 
spikes 19.666666666666668 -13.0 3.3333333333333335 0.6666666666666666 
spikes 25.666666666666668 -13.0 3.3333333333333335 0.6666666666666666 
platform -0.3333333333333333 -24.666666666666668 95.33333333333333 2.6666666666666665 
platform -6.0 -23.333333333333332 1.3333333333333333 1.3333333333333333 
platform -5.333333333333333 -22.666666666666668 1.3333333333333333 1.3333333333333333 
platform 0.0 -22.666666666666668 1.3333333333333333 1.3333333333333333 
platform 1.0 -23.0 0.6666666666666666 0.6666666666666666 
platform -47.333333333333336 23.333333333333332 1.3333333333333333 9.333333333333334 
platform 46.666666666666664 17.0 1.3333333333333333 22.0 
platform -47.333333333333336 1.6666666666666667 1.3333333333333333 28.666666666666668 
platform 46.666666666666664 -10.333333333333334 1.3333333333333333 26.0 
platform 46.666666666666664 3.0 1.3333333333333333 0.6666666666666666 
platform 19.333333333333332 10.333333333333334 1.3333333333333333 0.6666666666666666 
