Squat 13.733333333333333 12.533333333333333
Lanky -31.266666666666666 11.2
Goal -11.666666666666666 -19.133333333333333
platform -34.0 8.666666666666666 12.0 1.3333333333333333
platform 16.0 8.666666666666666 12.0 1.3333333333333333
platform -32.666666666666664 -0.6666666666666666 13.333333333333334 2.6666666666666665
platform -10.333333333333334 -0.6666666666666666 28.666666666666668 2.6666666666666665
platform 26.0 -0.6666666666666666 40.0 2.6666666666666665
spikes -32.666666666666664 0.0 13.333333333333334 1.3333333333333333
spikes -10.333333333333334 0.0 28.666666666666668 1.3333333333333333
spikes 26.0 0.0 40.0 1.3333333333333333
platform -39.333333333333336 16.0 1.3333333333333333 16.0
platform -9.0 23.333333333333332 62.0 1.3333333333333333
platform 21.333333333333332 15.333333333333334 1.3333333333333333 14.666666666666666
platform 0.0 -19.666666666666668 92.0 2.0
