Squat -45.53333333333333 4.6
Lanky -43.333333333333336 6.466666666666667
Goal -5.466666666666667 9.2
platform -40.666666666666664 2.3333333333333335 12.0 0.6666666666666666
platform -34.0 6.333333333333333 9.333333333333334 3.3333333333333335
platform -31.666666666666668 2.0 0.6666666666666666 5.333333333333333
platform -33.0 -0.3333333333333333 2.0 0.6666666666666666
platform -37.0 1.0 0.6666666666666666 2.0
platform -36.0 -3.0 5.333333333333333 0.6666666666666666
platform -40.666666666666664 0.3333333333333333 6.666666666666667 0.6666666666666666
platform -41.666666666666664 -6.0 0.6666666666666666 5.333333333333333
platform -44.333333333333336 -1.0 0.6666666666666666 3.3333333333333335
platform -42.333333333333336 -5.666666666666667 0.6666666666666666 0.6666666666666666
platform -45.0 -4.666666666666667 0.6666666666666666 5.333333333333333
platform -42.333333333333336 -11.0 6.0 0.6666666666666666
platform -39.333333333333336 -8.333333333333334 5.333333333333333 0.6666666666666666
platform -40.666666666666664 -13.666666666666666 12.0 0.6666666666666666
platform -37.0 -11.0 4.666666666666667 0.6666666666666666
platform -36.0 -8.333333333333334 2.6666666666666665 0.6666666666666666
platform -38.333333333333336 -4.333333333333333 0.6666666666666666 2.0
platform -34.333333333333336 -5.666666666666667 8.666666666666666 0.6666666666666666
platform -31.333333333333332 -13.666666666666666 6.666666666666667 0.6666666666666666
platform -26.333333333333332 -11.0 20.666666666666668 0.6666666666666666
platform -28.333333333333332 -17.0 0.6666666666666666 7.333333333333333
platform -27.666666666666668 -15.666666666666666 0.6666666666666666 0.6666666666666666
platform -27.0 -18.333333333333332 2.0 0.6666666666666666
platform -22.0 -20.333333333333332 13.333333333333334 0.6666666666666666
platform -19.666666666666668 -19.0 0.6666666666666666 2.0
platform -14.0 -19.333333333333332 2.6666666666666665 2.6666666666666665
platform -11.666666666666666 -17.0 0.6666666666666666 0.6666666666666666
platform -10.333333333333334 -15.0 0.6666666666666666 0.6666666666666666
platform -9.666666666666666 -13.666666666666666 0.6666666666666666 0.6666666666666666
platform -7.666666666666667 -11.666666666666666 0.6666666666666666 0.6666666666666666
platform -8.333333333333334 -13.0 0.6666666666666666 0.6666666666666666
platform -25.666666666666668 -9.666666666666666 0.6666666666666666 0.6666666666666666
platform -25.666666666666668 -10.0 0.6666666666666666 1.3333333333333333
platform -30.333333333333332 -8.333333333333334 10.0 0.6666666666666666
platform -25.666666666666668 -9.0 0.6666666666666666 0.6666666666666666
platform -6.333333333333333 -9.666666666666666 0.6666666666666666 0.6666666666666666
platform -6.333333333333333 -7.666666666666667 0.6666666666666666 0.6666666666666666
platform -7.666666666666667 -6.333333333333333 0.6666666666666666 0.6666666666666666
platform -11.666666666666666 -10.333333333333334 0.6666666666666666 0.6666666666666666
platform -9.666666666666666 -5.666666666666667 0.6666666666666666 0.6666666666666666
platform -11.0 -5.0 0.6666666666666666 0.6666666666666666
platform -13.0 -5.666666666666667 0.6666666666666666 0.6666666666666666
platform -29.666666666666668 -4.666666666666667 0.6666666666666666 2.6666666666666665
platform -26.333333333333332 -3.0 8.666666666666666 0.6666666666666666
platform -22.333333333333332 -1.3333333333333333 0.6666666666666666 2.6666666666666665
platform -28.333333333333332 0.3333333333333333 6.0 0.6666666666666666
platform -22.333333333333332 1.3333333333333333 0.6666666666666666 4.0
platform -27.0 5.666666666666667 8.666666666666666 0.6666666666666666
platform -20.333333333333332 3.0 4.666666666666667 0.6666666666666666
platform -21.0 5.666666666666667 4.666666666666667 0.6666666666666666
platform -25.666666666666668 -5.666666666666667 0.6666666666666666 4.666666666666667
platform -14.333333333333334 -1.0 2.0 0.6666666666666666
platform -12.333333333333334 -2.3333333333333335 0.6666666666666666 0.6666666666666666
platform -19.666666666666668 5.0 0.6666666666666666 0.6666666666666666
platform -16.0 3.0 4.0 0.6666666666666666
platform -21.666666666666668 -9.666666666666666 3.3333333333333335 0.6666666666666666
platform -23.0 -8.0 2.0 1.3333333333333333
platform -16.333333333333332 -5.666666666666667 3.3333333333333335 0.6666666666666666
platform 0.0 -11.0 12.0 0.6666666666666666
platform 5.666666666666667 -13.333333333333334 0.6666666666666666 4.0
platform 7.0 -15.0 3.3333333333333335 0.6666666666666666
platform 12.333333333333334 -15.0 10.0 0.6666666666666666
platform 17.0 -12.666666666666666 0.6666666666666666 4.0
platform -41.0 -5.666666666666667 0.6666666666666666 0.6666666666666666
platform 18.333333333333332 -11.0 3.3333333333333335 0.6666666666666666
platform 11.333333333333334 -9.666666666666666 1.3333333333333333 3.3333333333333335
platform 20.333333333333332 -1.3333333333333333 0.6666666666666666 20.0
platform 13.666666666666666 0.0 0.6666666666666666 17.333333333333332
platform 13.666666666666666 -8.333333333333334 0.6666666666666666 0.6666666666666666
platform 14.666666666666666 -7.0 2.6666666666666665 0.6666666666666666
platform 18.666666666666668 -3.0 2.6666666666666665 0.6666666666666666
platform 15.0 0.3333333333333333 2.0 0.6666666666666666
platform 18.666666666666668 3.6666666666666665 2.6666666666666665 0.6666666666666666
platform 15.0 7.0 2.0 0.6666666666666666
platform 20.333333333333332 14.0 0.6666666666666666 12.0
platform -8.0 7.666666666666667 42.666666666666664 0.6666666666666666
