platform 0.3333333333333333 -15.0 94.0 0.6666666666666666
platform -45.666666666666664 6.666666666666667 0.6666666666666666 41.333333333333336
platform 46.333333333333336 6.666666666666667 0.6666666666666666 40.0
platform -39.0 -12.333333333333334 3.3333333333333335 3.3333333333333335
platform -43.0 -7.0 3.3333333333333335 0.6666666666666666
platform -34.333333333333336 -3.0 3.3333333333333335 0.6666666666666666
platform -42.666666666666664 -1.6666666666666667 2.6666666666666665 0.6666666666666666
platform -32.666666666666664 2.3333333333333335 4.0 0.6666666666666666
platform -36.333333333333336 3.0 2.0 0.6666666666666666
platform -15.0 3.0 23.333333333333332 0.6666666666666666
platform 22.333333333333332 2.3333333333333335 30.0 0.6666666666666666
platform 25.0 5.0 6.0 4.666666666666667
platform 20.666666666666668 3.6666666666666665 5.333333333333333 2.0
platform 28.0 8.333333333333334 4.0 2.0
platform 31.666666666666668 10.333333333333334 4.666666666666667 3.3333333333333335
platform 33.333333333333336 15.333333333333334 2.6666666666666665 6.666666666666667
platform 36.333333333333336 19.333333333333332 4.666666666666667 1.3333333333333333
platform 40.333333333333336 9.666666666666666 0.6666666666666666 0.6666666666666666
platform 43.0 14.333333333333334 0.6666666666666666 0.6666666666666666
platform 43.0 4.333333333333333 0.6666666666666666 0.6666666666666666
platform 39.333333333333336 -0.3333333333333333 1.3333333333333333 0.6666666666666666
platform 41.666666666666664 -5.666666666666667 0.6666666666666666 0.6666666666666666
platform 24.666666666666668 -3.6666666666666665 24.0 0.6666666666666666
platform 0.6666666666666666 -11.666666666666666 5.333333333333333 0.6666666666666666
platform 5.333333333333333 -7.0 5.333333333333333 0.6666666666666666
platform -2.6666666666666665 -3.6666666666666665 2.6666666666666665 0.6666666666666666
platform 3.3333333333333335 0.3333333333333333 2.6666666666666665 0.6666666666666666
